grid_point, analysis_value, analysis_increment
[0, 0],5321.359231031823,3.175816817710256
[0, 1],5347.081678978783,12.143168976620473
[0, 2],5372.244590459767,19.213104810301047
[0, 3],5392.690107812522,17.646630336782437
[0, 4],5422.709375293834,25.431724011079496
[0, 5],5449.51267251535,32.51373117285675
[0, 6],5473.258666526098,38.50205531375468
[0, 7],5490.101417048668,40.155622599187154
[0, 8],5501.198369113357,39.82458838207367
[0, 9],5509.740919614559,39.53079496343071
[0, 10],5516.565414941922,37.27248847080773
[0, 11],5530.243225599859,39.849871310310846
[0, 12],5551.751486547459,47.75546816883525
[0, 13],5576.635298902037,55.67176374149585
[0, 14],5602.349308020243,61.28069175822384
[0, 15],5627.985896821595,67.24932724949213
[0, 16],5647.0689081392875,69.67283277755269
[0, 17],5661.18987498394,68.23503849639746
[0, 18],5674.373874621658,65.09603290381892
[0, 19],5681.628315680379,58.24308639577066
[0, 20],5683.379000450688,51.27794363947396
[0, 21],5679.7298746322485,43.37170407621397
[1, 0],5298.0844402549355,-6.884462244047427
[1, 1],5324.823129103867,2.1799560076569833
[1, 2],5341.554391549751,1.1923410343206342
[1, 3],5362.380289995077,1.0897190199575562
[1, 4],5391.795892005841,8.056836744322936
[1, 5],5419.741583941759,14.733918312852438
[1, 6],5445.608985460906,20.941307758259427
[1, 7],5465.015345871523,23.040559902846326
[1, 8],5478.485910349344,23.28296222626159
[1, 9],5487.390699674571,22.617893182069565
[1, 10],5497.287457423083,23.78985997095242
[1, 11],5509.852340828228,26.41106821854828
[1, 12],5527.962780841596,32.683111161715715
[1, 13],5555.491609161582,45.58274855471518
[1, 14],5579.536222989766,51.852862247736994
[1, 15],5605.961327096818,59.21081694913664
[1, 16],5626.586316959723,60.71174873938162
[1, 17],5647.339590454602,60.98284369071098
[1, 18],5664.395375119374,57.49359946479399
[1, 19],5677.726654122291,55.387260357462765
[1, 20],5683.108546500015,52.01785158771327
[1, 21],5682.3515263546315,46.963853658973676
[2, 0],5275.181496099557,-15.585138446328529
[2, 1],5293.236800003937,-13.365208915630319
[2, 2],5308.891674180679,-13.830837683327445
[2, 3],5327.363008680576,-15.350761496516498
[2, 4],5357.267367823271,-8.657978204782012
[2, 5],5387.447089055824,-1.2393864881041736
[2, 6],5414.025300693067,4.4460818544721405
[2, 7],5435.655888398786,7.30028090063297
[2, 8],5446.732815302092,3.8098894232171006
[2, 9],5457.853051001279,5.126515970843684
[2, 10],5466.556706659936,5.931610214619468
[2, 11],5475.856773485123,6.831120103801368
[2, 12],5491.027107914346,12.258767183279815
[2, 13],5515.498917690927,24.623415774389287
[2, 14],5538.524800591592,32.15816449795875
[2, 15],5562.218877421159,37.077210323609506
[2, 16],5588.340902612503,40.80226569079514
[2, 17],5617.949666150458,44.07053422558511
[2, 18],5642.0073991490035,42.824832708532085
[2, 19],5663.244870290095,46.18402001283448
[2, 20],5675.748381203423,48.5214543042448
[2, 21],5679.510907385442,47.02666730576857
[3, 0],5255.069332668756,-23.68252866362309
[3, 1],5268.3424614849655,-22.40564485675077
[3, 2],5278.966980798132,-25.718927443564098
[3, 3],5297.325231382619,-26.89167910733704
[3, 4],5330.194074179923,-18.157990228004564
[3, 5],5360.552915046768,-11.165457009260535
[3, 6],5385.699794673595,-6.19470874952367
[3, 7],5405.097000698915,-4.717412687525211
[3, 8],5414.153491267811,-9.855906542840785
[3, 9],5423.086132666833,-10.1448325661122
[3, 10],5428.92741849265,-11.110931429245284
[3, 11],5434.3127728858735,-12.611480506127918
[3, 12],5446.36378172613,-8.56214211160841
[3, 13],5467.693101484099,2.484994482406364
[3, 14],5487.108722195328,7.939980429137904
[3, 15],5509.415316689623,11.375808086047073
[3, 16],5537.733648620132,14.203725318264333
[3, 17],5567.912399161417,13.033098259594226
[3, 18],5606.07508463375,21.476717499820552
[3, 19],5639.198051084192,33.27487522661522
[3, 20],5662.658953951193,43.91047078929387
[3, 21],5674.548189012622,48.7822663629986
[4, 0],5236.556714514616,-28.910770133381448
[4, 1],5244.9954486968845,-28.971462951518333
[4, 2],5255.54131820099,-30.82313853898995
[4, 3],5279.593511477892,-27.030562544012355
[4, 4],5313.436242193419,-19.620228129479074
[4, 5],5345.822053382255,-11.921893154656573
[4, 6],5369.404590793114,-7.511936438302655
[4, 7],5387.199528786776,-5.764410138059247
[4, 8],5393.263070796623,-12.567906060024143
[4, 9],5396.08255269944,-18.01715759153285
[4, 10],5396.594458153063,-23.208665183583435
[4, 11],5401.06111758298,-24.427387500503755
[4, 12],5410.672959845554,-21.719917286482996
[4, 13],5428.807774182057,-12.637453541407012
[4, 14],5445.7248347320965,-8.297506282243376
[4, 15],5460.365814108757,-11.962314205046823
[4, 16],5489.958178613785,-8.87583207343232
[4, 17],5518.128050194483,-13.706505968556485
[4, 18],5563.430199758014,-0.07115763434194378
[4, 19],5606.268433982584,18.71785155215275
[4, 20],5645.994269836793,42.89226140469691
[4, 21],5666.834438591657,54.83916808966387
[5, 0],5217.802633481994,-31.111078635826743
[5, 1],5227.679623435993,-29.20405012725405
[5, 2],5237.606819695969,-31.42943401483808
[5, 3],5267.807338532162,-23.100210106274062
[5, 4],5306.5682041833425,-14.610617894552888
[5, 5],5343.1513115174685,-6.086248841569613
[5, 6],5366.880087131875,-2.8237079487798837
[5, 7],5380.8399267742625,-5.10485967209388
[5, 8],5385.75135299398,-12.741100466686476
[5, 9],5388.588259711857,-17.429220553187406
[5, 10],5387.7708380198565,-22.85200987889857
[5, 11],5388.326607394464,-26.7641494310883
[5, 12],5396.772785825089,-23.905037452033866
[5, 13],5409.08004733525,-18.81570417731109
[5, 14],5419.039613200358,-19.078297789610588
[5, 15],5430.046768172052,-24.237074774126995
[5, 16],5451.083406421572,-28.078121953438313
[5, 17],5478.424742629514,-31.888009948832405
[5, 18],5525.048786074774,-15.481722684869055
[5, 19],5584.432090786577,19.836739940717052
[5, 20],5625.585737839319,44.54090534522584
[5, 21],5652.013618716088,61.25191472415736
[6, 0],5204.75861065954,-29.73977919522258
[6, 1],5216.197111996775,-28.162924168663267
[6, 2],5231.112283923509,-26.36487374362605
[6, 3],5263.984741646393,-17.274700187109374
[6, 4],5306.691685847175,-8.606504202272845
[6, 5],5345.306978461625,-2.1325674734716813
[6, 6],5371.638922298855,0.31814035640854854
[6, 7],5387.622590077318,-2.3929083972379885
[6, 8],5392.449280338441,-10.832717806638357
[6, 9],5397.817133944864,-12.68876125198949
[6, 10],5398.6413683297615,-15.822741274223517
[6, 11],5399.378754353579,-18.385394807636658
[6, 12],5403.977392782504,-17.360868874884545
[6, 13],5410.830850893398,-14.887627528708435
[6, 14],5416.985116874186,-15.586745936735497
[6, 15],5425.089186771371,-20.169073952997678
[6, 16],5422.781003798343,-44.22676323730684
[6, 17],5456.0863777282475,-39.305823330402745
[6, 18],5508.726977419812,-14.471872298820927
[6, 19],5561.509765723848,15.907904951654018
[6, 20],5610.423934872011,49.20374060501945
[6, 21],5644.052457786419,73.28537529828554
[7, 0],5203.521041210855,-23.604600988798666
[7, 1],5210.8127291226565,-28.41460573148197
[7, 2],5233.3058715022735,-22.199121088297034
[7, 3],5269.029682299549,-13.855965032262247
[7, 4],5313.317910811803,-6.133632793944344
[7, 5],5350.966500621895,-2.4082514118599647
[7, 6],5380.915231301388,0.5611667259208843
[7, 7],5399.45656045674,-2.480899928023973
[7, 8],5408.349093763565,-7.749572807072582
[7, 9],5412.543425576192,-10.995526921471537
[7, 10],5415.69095092718,-11.923504306524592
[7, 11],5421.729659199897,-8.295185177463281
[7, 12],5423.26043172372,-7.849006432775241
[7, 13],5417.718296196749,-14.280401092706597
[7, 14],5419.671271470865,-15.215450015325587
[7, 15],5418.864221605333,-24.27586762156534
[7, 16],5421.374264070338,-39.37326369769107
[7, 17],5447.413558039147,-39.252087682677484
[7, 18],5493.048244630477,-20.151030572868876
[7, 19],5546.153355071864,11.641062718065768
[7, 20],5594.330545969331,45.056753843925435
[7, 21],5636.880644192158,78.25727415375968
[8, 0],5209.017742276477,-17.773757102415402
[8, 1],5221.674603607447,-19.62869358594253
[8, 2],5244.583933626946,-19.147116275964436
[8, 3],5282.485673703104,-14.38317220375211
[8, 4],5323.16102276234,-10.196167219663039
[8, 5],5360.327222844672,-4.374746080025034
[8, 6],5390.489377882171,-2.335047927155756
[8, 7],5411.729142187788,-5.844984320465301
[8, 8],5425.578529720639,-8.00991306020478
[8, 9],5432.057980111605,-9.925050059203386
[8, 10],5435.246251621958,-11.069153745980657
[8, 11],5440.0933984800995,-7.3956404280716015
[8, 12],5437.587783842337,-8.159606191627972
[8, 13],5431.297586135816,-11.764444558883952
[8, 14],5425.5508493256575,-16.42688235441892
[8, 15],5419.107142933042,-26.238599875078762
[8, 16],5414.939082210374,-42.551749698468484
[8, 17],5439.779540137672,-40.0666043199617
[8, 18],5481.638086903081,-23.703267675877214
[8, 19],5531.346807134313,4.9248895382688715
[8, 20],5576.000402947711,34.88363253771968
[8, 21],5626.444046898289,75.41638138241706
[9, 0],5217.064322139442,-13.353853956765306
[9, 1],5238.138899043732,-8.465477957877738
[9, 2],5257.411863295339,-15.952287116620028
[9, 3],5296.5430887318935,-13.426769261638583
[9, 4],5333.556075392464,-11.786968634588447
[9, 5],5365.592570514165,-9.164614723017621
[9, 6],5400.137210847696,-4.933431491388546
[9, 7],5428.290641232405,-6.698751888004153
[9, 8],5446.588823190172,-7.841688828872975
[9, 9],5454.812202626578,-8.87356372117847
[9, 10],5456.280048624744,-10.80619043520528
[9, 11],5453.172444824649,-12.858899382879827
[9, 12],5445.251963864139,-16.218037762580934
[9, 13],5436.591959144997,-19.297843757349256
[9, 14],5424.943869833529,-26.783892631707204
[9, 15],5414.87226553906,-36.09099089769734
[9, 16],5405.429465525551,-51.812298540864504
[9, 17],5424.520124964912,-49.5472545723469
[9, 18],5464.202970791339,-32.92131236500609
[9, 19],5510.641363554573,-7.511310767311443
[9, 20],5555.8285647566845,22.00723304168241
[9, 21],5615.305867676698,69.35505162716345
[10, 0],5218.7692033243175,-15.812527146607863
[10, 1],5241.878328394954,-8.725395012971603
[10, 2],5271.112292772126,-5.62855798631972
[10, 3],5309.333740809824,-4.58649622874691
[10, 4],5342.556167508994,-9.373943727585356
[10, 5],5376.738602049955,-8.540604651038848
[10, 6],5414.34652632753,-6.486679327380443
[10, 7],5449.981783547382,-5.876867553405646
[10, 8],5471.031343682112,-6.27717821116039
[10, 9],5479.121985046395,-6.558676687725892
[10, 10],5478.037775127358,-8.87727679555519
[10, 11],5470.859243295748,-12.740674632581431
[10, 12],5457.791910396074,-19.453053452330096
[10, 13],5443.937930424435,-26.275038153609785
[10, 14],5432.390303220201,-32.17883254993467
[10, 15],5415.086380546224,-46.45235342569322
[10, 16],5399.633762485137,-63.89736538126181
[10, 17],5410.480502351861,-64.1195662003147
[10, 18],5445.37892589236,-48.67380242706986
[10, 19],5490.841027257065,-24.326294644858535
[10, 20],5540.408008070895,6.923089035269186
[10, 21],5609.781509436154,59.124291627344064
[11, 0],5212.759534738545,-24.719936436874377
[11, 1],5239.453070145696,-13.901619446509358
[11, 2],5271.43183371239,-7.670933915609567
[11, 3],5316.476044932456,-2.4041273971643022
[11, 4],5357.394905994642,-6.6651736068442915
[11, 5],5396.193130893425,-9.108920152949395
[11, 6],5438.482443470586,-6.816040768309904
[11, 7],5473.9060857573095,-6.301526984140764
[11, 8],5495.650240429202,-4.151893440137428
[11, 9],5503.212803856253,-3.06148616500559
[11, 10],5502.290101985216,-3.7434983140765326
[11, 11],5493.882094778909,-8.23824776892161
[11, 12],5480.33692488644,-15.654726402102824
[11, 13],5467.297684132782,-22.136659297701044
[11, 14],5452.686998917694,-31.424248983059442
[11, 15],5432.823535238774,-48.05313998558813
[11, 16],5409.846911832867,-71.24501318558396
[11, 17],5410.927922973463,-77.5088017746375
[11, 18],5434.535482976806,-70.87273617044593
[11, 19],5485.601051551844,-42.77887898277186
[11, 20],5540.486880180199,-11.734857128462863
[11, 21],5608.742922045922,31.97093056855647
[12, 0],5196.190323301195,-40.58991268021782
[12, 1],5222.453140479924,-33.6940002486117
[12, 2],5271.286545249181,-16.73870821235687
[12, 3],5331.212534531171,-5.960679615117442
[12, 4],5386.173511221092,-4.912803882757544
[12, 5],5430.372006849525,-5.551647868824148
[12, 6],5465.97626714657,-7.227043404473989
[12, 7],5500.751811829667,-2.112303921468083
[12, 8],5520.352920325995,0.1965657617101897
[12, 9],5528.894805714664,2.0272428490607126
[12, 10],5530.894209894636,2.903882065316793
[12, 11],5523.793880528768,-2.5785610605526017
[12, 12],5513.62713931501,-9.415590514908217
[12, 13],5507.657125380351,-11.25941840003452
[12, 14],5497.841644243716,-17.394563163398743
[12, 15],5471.285277214574,-41.55481621738363
[12, 16],5447.022609048529,-65.63174836205144
[12, 17],5437.007705575594,-81.1019477146001
[12, 18],5457.8752294852775,-76.26592544084087
[12, 19],5506.908985640908,-53.16722919014774
[12, 20],5562.231853896019,-27.192455302702
[12, 21],5615.036572464633,-3.1717087167080535
[13, 0],5164.0434717738935,-64.94154350777171
[13, 1],5218.521319856476,-40.58402480571476
[13, 2],5287.659408038272,-20.14478596817571
[13, 3],5354.478356443806,-16.054530203417926
[13, 4],5418.4839438399895,-6.444655124905694
[13, 5],5458.147918626686,-4.947345415603195
[13, 6],5487.168374143914,-6.345992296331133
[13, 7],5516.580424917543,-3.174930554691855
[13, 8],5541.19813906686,2.513341454291549
[13, 9],5555.37940717937,5.631858765784273
[13, 10],5557.049683884687,1.1651472964194909
[13, 11],5556.845582591669,-2.48159431658587
[13, 12],5557.530399108368,-2.9498785143696296
[13, 13],5560.2380226584355,0.6933825346877711
[13, 14],5554.630396358564,-2.916943210646423
[13, 15],5526.329336519841,-29.366829780360604
[13, 16],5496.6537389960695,-58.689368632925834
[13, 17],5484.035577802994,-75.80356424048477
[13, 18],5503.542552441323,-71.2821970108007
[13, 19],5553.725440157697,-47.63960321848754
[13, 20],5610.555222123131,-21.38412696789601
[13, 21],5662.224508266019,2.221634601911319
[14, 0],5141.072359092661,-79.73105302392378
[14, 1],5211.864377085498,-52.00512878932204
[14, 2],5305.555435762063,-27.2456661909182
[14, 3],5382.692806624345,-19.90770328047256
[14, 4],5437.128799200144,-11.483333170331207
[14, 5],5472.390005892497,-6.375830068345749
[14, 6],5495.907254694366,-10.409035547982967
[14, 7],5525.666302307543,-8.417020643978503
[14, 8],5554.109790418561,-3.8152156653277416
[14, 9],5577.898086940616,2.428435697142959
[14, 10],5590.089374660338,2.2654596677912195
[14, 11],5596.5347117593,0.38048087359584315
[14, 12],5608.175847099952,7.384403283573192
[14, 13],5614.863796627893,12.432967987092525
[14, 14],5612.231501804229,9.899954023998362
[14, 15],5587.603248102719,-14.321919929671822
[14, 16],5557.792759914307,-45.14187347534971
[14, 17],5550.705158834976,-57.419001833762195
[14, 18],5568.796022589362,-53.15487790138923
[14, 19],5617.81031593623,-28.43336087118223
[14, 20],5667.429180477945,-7.12105507792694
[14, 21],5716.177350752389,16.147985801235336
[15, 0],5141.30684073776,-85.5348916038356
[15, 1],5221.506596981633,-55.74430215927714
[15, 2],5325.5660640726055,-26.9862848107432
[15, 3],5397.809765149061,-21.465910503630766
[15, 4],5445.017024051567,-14.533035001447388
[15, 5],5477.00304414332,-11.907903306794651
[15, 6],5500.571241186148,-19.528410981164598
[15, 7],5531.738620215856,-20.875581462493756
[15, 8],5568.1520081066965,-12.53343087302892
[15, 9],5596.463440680726,-5.724815566222787
[15, 10],5618.6543110889315,0.7945631938837323
[15, 11],5637.05822494598,8.62046722789637
[15, 12],5647.475826472347,12.39795448215773
[15, 13],5657.069014574915,17.48185059298976
[15, 14],5653.925219143857,10.696030578732461
[15, 15],5640.020128728484,-6.685224947507777
[15, 16],5625.62835665583,-25.503080233905166
[15, 17],5624.288236418087,-34.10101435172328
[15, 18],5652.371581559539,-19.02549691787044
[15, 19],5689.579441285369,-2.544112783163655
[15, 20],5732.436748704023,16.008885159722013
[15, 21],5774.509476540065,36.15168368324157
[16, 0],5175.025202398897,-71.38751303820936
[16, 1],5259.872642184136,-39.79421355024624
[16, 2],5351.469827510508,-16.781720722065074
[16, 3],5416.703705393198,-9.929520018053154
[16, 4],5454.1043149844645,-12.724803902735403
[16, 5],5483.354394579922,-19.839548942661168
[16, 6],5515.237377478176,-27.47552980240289
[16, 7],5548.267045828615,-30.256137281652627
[16, 8],5583.09958764596,-22.71425091484707
[16, 9],5616.612763336234,-9.76960582232823
[16, 10],5639.109433967438,-2.9389023649873707
[16, 11],5662.28768680134,8.716767964797327
[16, 12],5672.311704447903,9.645164987173303
[16, 13],5688.643498966719,17.209510614382452
[16, 14],5695.969133135768,15.694490428513745
[16, 15],5689.283208763332,0.7961676865725167
[16, 16],5688.604668264296,-7.691452524123633
[16, 17],5698.126325634434,-6.95211736962483
[16, 18],5719.568153546395,2.6658417789140003
[16, 19],5752.1371223842025,18.603722638484214
[16, 20],5788.309568651353,35.48027551807627
[16, 21],5823.377826966582,53.19402768828422
[17, 0],5220.528199472433,-51.09928391274207
[17, 1],5302.706153046738,-20.93691199203022
[17, 2],5379.162743323027,-3.8768354965732215
[17, 3],5432.602388976763,-3.36194674169019
[17, 4],5469.688290548012,-11.382167361742177
[17, 5],5502.005755958834,-25.800738044137688
[17, 6],5540.757157167167,-32.31099718735459
[17, 7],5572.868695797036,-33.28610168106934
[17, 8],5600.983721275584,-27.43029021882012
[17, 9],5634.500918656641,-11.318322135812195
[17, 10],5657.222041635171,-3.386746745659366
[17, 11],5680.312005827598,6.884305032329394
[17, 12],5695.658112814443,9.61245367709671
[17, 13],5713.520165440039,13.808932965926033
[17, 14],5729.064382989227,16.02074643142805
[17, 15],5737.4466049797475,13.116958073660498
[17, 16],5748.103822270594,14.299381040442313
[17, 17],5755.911748359021,13.10978519600667
[17, 18],5772.392275982482,19.557577401072194
[17, 19],5797.000052709947,31.782892857818297
[17, 20],5826.438932542835,47.225635658480314
[17, 21],5854.086811055805,62.181165086772126
[18, 0],5262.843292628452,-33.8474516166234
[18, 1],5340.933793322982,-4.136163110689267
[18, 2],5404.001028735638,4.6721897018032905
[18, 3],5450.468345275382,-3.803575095810629
[18, 4],5484.347872866715,-23.316562525869813
[18, 5],5528.546034530971,-30.951742393890527
[18, 6],5569.67305642615,-31.753900434258867
[18, 7],5597.587654460755,-30.924322893900353
[18, 8],5623.1252948472575,-23.543510178265024
[18, 9],5649.363286708592,-12.59077902604895
[18, 10],5675.54673332329,-0.8374058192830489
[18, 11],5701.705032731439,10.781349458178738
[18, 12],5713.797276496969,6.619671930940967
[18, 13],5733.319898720857,8.65589986422765
[18, 14],5754.503247701058,14.315248710327978
[18, 15],5775.14718381991,22.85427273825917
[18, 16],5789.5577239377535,27.522207172552044
[18, 17],5800.763987583914,30.12744498727625
[18, 18],5808.1596549386195,29.29003695172287
[18, 19],5824.293202645769,36.87832083734156
[18, 20],5847.647800045458,51.21306404742609
[18, 21],5869.472599491226,64.50611332545395
[19, 0],5294.089447555221,-27.922984053871915
[19, 1],5367.879285359775,-0.0979767021835869
[19, 2],5429.771150674576,6.248319191252449
[19, 3],5466.554895886124,-19.08447427154988
[19, 4],5516.188598032193,-27.13334719447994
[19, 5],5560.473207165531,-29.375964019595813
[19, 6],5592.885252928927,-30.300749222993545
[19, 7],5619.972724760851,-25.67826374881588
[19, 8],5646.986987528243,-15.429128685169417
[19, 9],5673.200273266964,-4.079150216936796
[19, 10],5697.74814204249,5.7035806140556815
[19, 11],5720.209371696164,11.771642885577421
[19, 12],5736.02174091445,8.330937173097482
[19, 13],5756.787756639054,9.580367089541141
[19, 14],5780.042803947134,17.173312053747395
[19, 15],5798.5587315669845,24.12117841649888
[19, 16],5813.738158808761,29.975988627325023
[19, 17],5827.459265730809,35.73968266456268
[19, 18],5832.08921162325,33.728330574029314
[19, 19],5841.539744870296,37.71828117725272
[19, 20],5852.859543567398,44.30459581333798
[19, 21],5870.143180203481,56.96702929064395
[20, 0],5315.10516247761,-35.928196933756226
[20, 1],5392.8043908754225,-5.54900113874919
[20, 2],5429.594682832263,-28.711679244386687
[20, 3],5497.807740105829,-25.49693224118346
[20, 4],5548.731303489641,-27.029848328223125
[20, 5],5586.687056242977,-25.712544944987712
[20, 6],5617.823050976947,-20.99784058084515
[20, 7],5642.985563789872,-16.33982863608344
[20, 8],5668.986750834937,-7.48170278280395
[20, 9],5694.314924933273,2.343637448825575
[20, 10],5717.947741998477,10.367769209760809
[20, 11],5737.370674596748,11.59177523553808
[20, 12],5759.046304843875,11.657259824981338
[20, 13],5776.809443606688,8.841739324197079
[20, 14],5797.8392124895645,14.684779568721751
[20, 15],5818.427087414284,24.56939459186833
[20, 16],5832.388561775589,30.0388374978711
[20, 17],5843.015054107821,33.73657713402736
[20, 18],5847.223033421913,32.85376054116023
[20, 19],5847.462729876985,29.925301258144827
[20, 20],5855.440123887,36.3370396032833
[20, 21],5865.387627688697,45.30868667215873
[21, 0],5321.076152201405,-59.24622559501495
[21, 1],5403.970617287774,-27.205499895320827
[21, 2],5453.22219951073,-38.49519310719279
[21, 3],5523.215484990052,-27.95681336189591
[21, 4],5576.627881573895,-18.799370151697985
[21, 5],5610.45706194219,-15.174139344449031
[21, 6],5640.765090928044,-8.32882353680634
[21, 7],5666.325634880086,-3.3932952538998506
[21, 8],5689.597420489277,1.4004657350478737
[21, 9],5710.036556538723,5.184989708461217
[21, 10],5732.073212145665,10.68460119390511
[21, 11],5751.80483894181,11.03692134164612
[21, 12],5776.866170671274,13.084037091763093
[21, 13],5793.618736400231,8.419417412244002
[21, 14],5812.4444752353365,12.0047562673235
[21, 15],5831.853253532552,21.06451852443115
[21, 16],5846.270827977553,27.670956257185026
[21, 17],5856.799195334566,32.27302387009968
[21, 18],5860.386169778082,32.02633390878054
[21, 19],5859.524357760659,29.43248241672427
[21, 20],5857.606873361045,27.674590196787904
[21, 21],5857.732882028432,29.38272266436161
[22, 0],5331.994583236582,-72.33920412482894
[22, 1],5410.778068510633,-46.77675463919604
[22, 2],5481.102822653927,-33.18948678950892
[22, 3],5540.464270235629,-25.154933557610093
[22, 4],5592.716993603035,-11.306211494000308
[22, 5],5629.55797905305,-2.075882475885919
[22, 6],5660.134031541176,5.495755302223188
[22, 7],5685.058296107559,8.46785770643146
[22, 8],5705.680811721002,8.512200193415993
[22, 9],5724.6995179320675,9.242708613911418
[22, 10],5744.662691831838,11.816786309195777
[22, 11],5762.083581113346,9.680937828291462
[22, 12],5785.704602622069,10.373389846091413
[22, 13],5807.2052638775085,10.127414986441181
[22, 14],5824.0016368401675,11.146949128363303
[22, 15],5840.205689340725,16.713707992333184
[22, 16],5853.190216344896,21.88343731209534
[22, 17],5865.4936065072325,28.320361763081564
[22, 18],5872.733843030167,31.68473512661967
[22, 19],5872.067601554999,29.120696445314934
[22, 20],5862.102348624913,19.03322737599683
[22, 21],5861.530946564664,20.11473704378659
[23, 0],5347.2705189737735,-76.78279212756843
[23, 1],5433.681016056252,-43.612288105633525
[23, 2],5501.082941219588,-27.549087870698713
[23, 3],5560.204186790907,-12.420577673260595
[23, 4],5606.338788207923,-0.4401408604280732
[23, 5],5638.9046591249835,5.812182883426431
[23, 6],5670.9021849829605,14.50441966526705
[23, 7],5696.705090462249,16.553271652766853
[23, 8],5717.486637828672,14.065319415490194
[23, 9],5736.01439565764,12.198385468519518
[23, 10],5755.754884011204,13.710232655563232
[23, 11],5772.834348510165,11.68784713117384
[23, 12],5792.371031371116,9.425282271229662
[23, 13],5812.25706496331,7.893947795083477
[23, 14],5829.369432979759,8.664519773642496
[23, 15],5842.740926387749,10.821578036212486
[23, 16],5856.260655149066,16.033900714605807
[23, 17],5867.435763287237,20.49599080460939
[23, 18],5876.487559971004,24.116590682303467
[23, 19],5871.411390727151,14.882481478112823
[23, 20],5869.373327023196,9.887768247814165
[23, 21],5864.833788573062,3.5747960548678748
[24, 0],5372.901939550335,-68.38368085219372
[24, 1],5458.792324094812,-32.704917150399524
[24, 2],5521.070083691968,-15.999355757398007
[24, 3],5571.274207434701,-4.133255367809397
[24, 4],5611.9297819753765,5.408102616311226
[24, 5],5641.859594135121,9.877057084130684
[24, 6],5670.773595130649,15.091800603695447
[24, 7],5698.169062313715,16.964254334213365
[24, 8],5722.841336230785,15.512252598799932
[24, 9],5745.661071103437,15.609352739969836
[24, 10],5764.048383629685,14.915132464594535
[24, 11],5781.67207338723,14.002656746327375
[24, 12],5800.062196477783,11.881566331601789
[24, 13],5816.517728819461,7.495417946272028
[24, 14],5831.5155165598135,5.656986383391086
[24, 15],5843.726858864163,5.871384413904707
[24, 16],5856.333611418129,9.331194621870964
[24, 17],5869.038437400943,14.264044553576241
[24, 18],5876.939051510442,15.443711052012986
[24, 19],5875.810362324026,8.868602102967998
[24, 20],5875.133711528191,4.172798918893022
[24, 21],5875.6006442605885,1.9213970796927242
[25, 0],5411.507206924544,-44.31096762565812
[25, 1],5477.116458859549,-22.29281909207384
[25, 2],5531.867045638524,-7.416533769829584
[25, 3],5576.071784004516,1.8913552194044314
[25, 4],5607.46605215162,3.4824143069035927
[25, 5],5636.855786688119,7.488692387050833
[25, 6],5663.462467732193,9.805960304883229
[25, 7],5694.552877200435,13.751633021262023
[25, 8],5722.390233137017,12.7737127760347
[25, 9],5751.577742356112,16.978355680348614
[25, 10],5771.905093871684,17.43416072695163
[25, 11],5789.6746513224625,17.160641443486384
[25, 12],5805.402195828152,13.370015241438523
[25, 13],5818.907542289404,6.320417596138213
[25, 14],5832.56044029631,2.350478003749231
[25, 15],5847.211477896041,3.8166704712884894
[25, 16],5860.293885559474,6.695321826233339
[25, 17],5870.6254303749065,8.723313981595311
[25, 18],5879.084548472127,10.721527118370432
[25, 19],5880.834596254138,7.940404387926719
[25, 20],5879.382274804782,3.613859236341341
[25, 21],5875.9570874077235,-1.5190501842789672
[26, 0],5441.286230670667,-25.906772757096405
[26, 1],5494.680141214094,-6.709970347561466
[26, 2],5541.447097669577,6.103042530031416
[26, 3],5580.95373621935,12.336197740956777
[26, 4],5601.663727076336,2.581868562766431
[26, 5],5631.402805141354,5.8391137386661285
[26, 6],5657.4142337076155,6.542821400303183
[26, 7],5689.321885923504,9.746482348307836
[26, 8],5720.518909442572,9.656360707742351
[26, 9],5753.00654029917,15.070533822338803
[26, 10],5776.4095419238465,17.939218589644952
[26, 11],5793.201782822917,17.12684491686923
[26, 12],5806.104200538932,11.039995575733883
[26, 13],5823.785403092395,7.595508659392181
[26, 14],5837.749283458887,2.295313195295421
[26, 15],5855.195155108713,5.052546705748682
[26, 16],5867.6378350313435,6.835401348628693
[26, 17],5876.54297562269,8.241379418884208
[26, 18],5881.274534604606,8.072981924277883
[26, 19],5881.666289877197,5.516500108441505
[26, 20],5879.132731175241,1.3071297526748822
[26, 21],5875.945822997676,-2.810825829146779
[27, 0],5469.318805375484,-6.262891113548903
[27, 1],5507.751652187814,7.886172220790286
[27, 2],5546.450706492217,19.283034493538253
[27, 3],5580.31474397366,21.2593417709777
[27, 4],5587.044328960122,-4.621276256818419
[27, 5],5612.455879794927,-8.006917822904143
[27, 6],5634.182182086826,-12.656210104996717
[27, 7],5663.4485636345735,-12.707123492404207
[27, 8],5704.489184362634,-4.625752896775339
[27, 9],5737.835092254037,-0.7331004877451051
[27, 10],5766.395892395588,5.897192805160557
[27, 11],5794.912788839769,16.57703967447378
[27, 12],5815.385730445857,17.584658000107993
[27, 13],5828.867931479003,7.757130865807085
[27, 14],5848.800318406521,5.835130990073594
[27, 15],5864.940545156043,6.59497392495723
[27, 16],5877.556169803837,9.800897323756544
[27, 17],5883.8525307996215,10.635308017817806
[27, 18],5885.950802009043,9.677522878863783
[27, 19],5884.920203427416,6.981473501046821
[27, 20],5881.742337136956,2.9026333910014728
[27, 21],5878.08044859433,-1.2524614364165245
